0 1
1 1.2
2 1.35274
3 1.62329
4 1.64457
5 1.65963
6 1.67265
7 1.68577
8 1.74156
9 1.7575
10 1.76668
11 1.78054
12 1.79451
13 1.80859
14 1.82277
15 1.83707
16 1.85389
17 1.86844
18 1.88064
19 1.89787
20 1.91275
21 1.92776
22 1.94288
23 1.95812
24 1.97348
25 1.98896
26 2.00456
27 2.02029
28 2.03614
29 2.05211
30 2.06821
31 2.08443
32 2.10078
33 2.11726
34 2.13665
35 2.15341
36 2.1703
37 2.18733
38 2.20448
39 2.22178
40 2.23921
41 2.25971
42 2.27447
43 2.29232
44 2.3103
45 2.32842
46 2.34669
47 2.36509
48 2.38365
49 2.40234
50 2.42435
51 2.44336
52 2.46253
53 2.48185
54 2.50131
55 2.52094
56 2.54071
57 2.56064
58 2.58073
59 2.60097
60 2.62138
61 2.64194
62 2.66266
63 2.68355
64 2.70813
65 2.72582
66 2.7472
67 2.77236
68 2.7941
69 2.81602
70 2.83811
71 2.86038
72 2.88281
73 2.90543
74 2.92822
75 2.95119
76 2.97434
77 2.99767
78 3.02119
79 3.04489
80 3.06877
81 3.09284
82 3.12117
83 3.14565
84 3.17033
85 3.1952
86 3.22026
87 3.24552
88 3.27098
89 3.29664
90 3.3225
91 3.34856
92 3.37483
93 3.40131
94 3.42799
95 3.45488
96 3.48198
97 3.50929
98 3.54143
99 3.56921
100 3.59721
101 3.62543
102 3.65387
103 3.68253
104 3.71142
105 3.74053
106 3.76987
107 3.79944
108 3.82925
109 3.85929
110 3.88956
111 3.92007
112 3.95082
113 3.98181
114 4.01828
115 4.0498
116 4.08157
117 4.11359
118 4.14585
119 4.17838
120 4.21115
121 4.24419
122 4.27748
123 4.31104
124 4.34485
125 4.37894
126 4.41329
127 4.44791
128 4.4828
129 4.52385
130 4.55934
131 4.5951
132 4.64323
133 4.66748
134 4.70409
135 4.74099
136 4.77818
137 4.81566
138 4.85344
139 4.89151
140 4.92988
141 4.96855
142 5.00753
143 5.04681
144 5.0864
145 5.1263
146 5.17325
147 5.21383
148 5.25473
149 5.29595
150 5.33749
151 5.37936
152 5.42156
153 5.46409
154 5.50695
155 5.55015
156 5.59369
157 5.63756
158 5.68179
159 5.72636
160 5.77128
161 5.82413
162 5.86982
163 5.91586
164 5.96227
165 6.00904
166 6.05618
167 6.10368
168 6.15156
169 6.19982
170 6.24845
171 6.29747
172 6.34687
173 6.39666
174 6.44683
175 6.49741
176 6.54837
177 6.60834
178 6.68625
179 6.71243
180 6.76508
181 6.81815
182 6.87163
183 6.92554
184 6.97986
185 7.03462
186 7.23908
187 7.26741
188 7.32442
189 7.37227
190 7.4301
191 7.49815
192 7.55696
193 7.61624
194 7.67599
195 7.7362
196 7.79689
197 7.85805
198 7.91969
199 7.98181
200 8.04442
201 8.10753
202 8.17112
203 8.23522
204 8.29982
205 8.36493
206 8.44153
207 8.50775
208 8.57449
209 8.64175
210 8.70954
211 8.77786
212 8.84671
213 8.91611
214 8.98605
215 9.05654
216 9.12758
217 9.19918
218 9.27134
219 9.34407
220 9.41737
221 9.49124
222 9.57816
223 9.65329
224 9.72901
225 9.80533
226 9.88225
227 9.95977
228 10.0379
229 10.1166
230 10.196
231 10.276
232 10.3566
233 10.4378
234 10.5197
235 10.6022
236 10.6854
237 10.7692
238 10.8678
239 10.9531
240 11.039
241 11.1256
242 11.2129
243 11.3008
244 11.3895
245 11.4788
246 11.5689
247 11.6596
248 11.7511
249 11.8432
250 11.9361
251 12.0298
252 12.1241
253 12.2192
254 12.3151
255 12.4279
256 12.5254
257 12.6236
258 12.7226
259 12.8224
260 12.923
261 13.0244
262 13.1266
263 13.2295
264 13.3333
265 13.4379
266 13.5433
267 13.6495
268 13.7566
269 13.8645
270 13.9915
271 14.1013
272 14.2119
273 14.3233
274 14.4357
275 14.5489
276 14.6631
277 14.7781
278 14.894
279 15.0108
280 15.1286
281 15.2473
282 15.3669
283 15.4874
284 15.6089
285 15.7518
286 15.8754
287 15.9999
288 16.1255
289 16.2519
290 16.3794
291 16.5079
292 16.6374
293 16.7679
294 16.8994
295 17.032
296 17.1656
297 17.3003
298 17.436
299 17.5728
300 17.7106
301 17.8728
302 18.013
303 18.1543
304 18.2967
305 18.4402
306 18.5849
307 18.7307
308 18.8776
309 19.0257
310 19.1749
311 19.3253
312 19.5277
313 19.6297
314 19.7837
315 19.9389
316 20.0953
317 20.2529
318 20.4384
319 20.5987
320 20.7603
321 20.9231
322 21.0873
323 21.2527
324 21.4194
325 21.5874
326 21.7568
327 21.9274
328 22.0994
329 22.2728
330 22.4475
331 22.6236
332 22.801
333 23.0099
334 23.1904
335 23.3723
336 23.5556
337 23.7404
338 23.9266
339 24.1143
340 24.3035
341 24.4941
342 24.6862
343 24.8799
344 25.075
345 25.2717
346 25.47
347 25.6698
348 25.9049
349 26.1081
350 26.3129
351 26.5193
352 26.7273
353 26.937
354 27.1483
355 27.3612
356 27.756
357 28.0102
358 28.2299
359 28.4513
360 28.6745
361 28.8995
362 29.1262
363 30.1685
364 30.3261
365 30.564
366 30.8037
367 31.0453
368 31.2889
369 31.5343
370 31.7817
371 32.031
372 32.2822
373 32.5355
374 32.7907
375 33.091
376 33.3506
377 33.6122
378 33.8758
379 34.1416
380 34.4094
381 34.6793
382 34.9513
383 35.2255
384 35.5018
385 35.7803
386 36.061
387 36.3438
388 36.6289
389 36.9163
390 37.2059
391 37.5466
392 37.8411
393 38.1379
394 38.4371
395 38.7386
396 39.0425
397 39.3488
398 39.6574
399 39.9685
400 40.282
401 40.598
402 40.9165
403 41.2374
404 41.5609
405 41.8869
406 42.2155
407 42.6021
408 42.9363
409 43.2731
410 43.6125
411 43.9547
412 44.2994
413 44.6469
414 44.9972
415 45.3501
416 45.7059
417 46.0644
418 46.4258
419 46.7899
420 47.157
421 47.5269
422 47.9621
423 48.3384
424 48.7175
425 49.0997
426 49.4848
427 49.873
428 50.2642
429 50.6585
430 51.0559
431 51.4564
432 51.86
433 52.2668
434 52.6768
435 53.0901
436 53.5065
437 53.9262
438 54.3492
439 54.847
440 55.2772
441 55.7108
442 56.1479
443 56.5883
444 57.0322
445 57.4796
446 57.9305
447 58.3849
448 58.8429
449 59.3045
450 59.7698
451 60.2386
452 60.7112
453 61.1874
454 61.6674
455 62.2322
456 62.7203
457 63.2123
458 63.7082
459 64.208
460 64.7117
461 65.2193
462 65.7309
463 66.2465
464 66.7662
465 67.29
466 67.8178
467 68.3498
468 68.886
469 69.4264
470 70.0622
471 70.6118
472 71.1657
473 71.724
474 72.2866
475 72.8537
476 73.4252
477 74.0011
478 74.5816
479 75.1667
480 75.7563
481 76.3506
482 76.9496
483 77.5532
484 78.1616
485 78.7747
486 79.4961
487 80.1197
488 80.7482
489 81.3817
490 82.0201
491 82.6635
492 83.3119
493 83.9655
494 84.6241
495 85.288
496 85.957
497 86.6313
498 87.3109
499 88.1105
500 88.6861
501 89.4983
502 90.2003
503 90.9079
504 91.6211
505 92.3398
506 93.0641
507 93.7942
508 94.53
509 95.2715
510 96.0189
511 96.7721
512 97.5312
513 98.2963
514 99.0674
515 99.8445
516 100.628
517 101.417
518 102.346
519 103.149
520 103.958
521 104.91
522 105.595
523 106.424
524 107.259
525 108.1
526 108.948
527 109.803
528 110.664
529 111.532
530 112.407
531 113.436
532 114.326
533 115.976
534 117.038
535 117.956
536 118.881
537 119.814
538 120.754
539 121.701
540 126.55
541 128.042
542 128.71
543 129.551
544 130.738
545 131.763
546 132.797
547 133.839
548 134.889
549 135.947
550 137.013
551 138.088
552 139.171
553 140.263
554 141.363
555 142.472
556 143.59
557 144.716
558 146.041
559 147.187
560 148.342
561 149.505
562 150.678
563 151.86
564 153.051
565 154.252
566 155.462
567 156.682
568 157.911
569 159.149
570 160.398
571 161.656
572 162.924
573 164.416
574 165.706
575 167.006
576 168.316
577 169.636
578 170.967
579 172.308
580 173.66
581 175.022
582 176.395
583 177.779
584 179.173
585 180.579
586 181.996
587 183.423
588 184.862
589 186.555
590 187.774
591 189.493
592 190.98
593 192.478
594 193.988
595 195.51
596 197.043
597 198.589
598 200.147
599 201.717
600 203.299
601 204.894
602 206.501
603 208.121
604 209.754
605 211.399
606 213.058
607 215.009
608 216.696
609 218.395
610 220.109
611 221.835
612 223.575
613 225.329
614 227.097
615 228.878
616 230.674
617 232.483
618 234.307
619 236.145
620 237.998
621 240.177
622 242.061
623 243.96
624 245.874
625 247.803
626 249.746
627 251.706
628 253.68
629 255.67
630 257.676
631 259.697
632 261.734
633 263.787
634 265.857
635 267.942
636 270.396
637 272.517
638 274.655
639 276.81
640 278.981
641 281.169
642 283.375
643 285.598
644 287.838
645 290.096
646 292.372
647 294.666
648 296.977
649 299.307
650 301.655
651 304.021
652 306.805
653 309.212
654 311.638
655 314.082
656 316.546
657 319.029
658 321.532
659 324.054
660 326.596
661 329.158
662 331.74
663 334.778
664 336.965
665 339.609
666 342.273
667 345.407
668 348.117
669 350.848
670 353.6
671 356.374
672 359.169
673 361.987
674 364.826
675 367.688
676 370.573
677 373.48
678 376.409
679 379.362
680 382.338
681 385.337
682 388.36
683 391.917
684 394.991
685 398.09
686 401.212
687 404.36
688 407.532
689 410.729
690 413.951
691 417.198
692 420.471
693 423.769
694 427.093
695 430.444
696 433.82
697 437.223
698 440.653
699 444.689
700 448.177
701 451.693
702 455.236
703 458.807
704 462.406
705 466.034
706 469.69
707 473.374
708 477.087
709 480.83
710 484.602
711 492.234
712 496.096
713 500.639
714 504.566
715 508.524
716 512.513
717 530.855
718 532.933
719 537.114
720 541.327
721 545.573
722 549.853
723 554.167
724 558.514
725 562.895
726 567.311
727 571.761
728 576.997
729 581.523
730 586.085
731 590.683
732 595.316
733 599.986
734 604.693
735 609.436
736 614.217
737 619.035
738 623.892
739 628.786
740 633.718
741 639.522
742 643.7
743 649.595
744 654.69
745 659.826
746 665.002
747 670.219
748 675.476
749 680.775
750 686.115
751 691.498
752 696.922
753 702.389
754 707.899
755 713.452
756 719.049
757 724.69
758 731.326
759 737.063
760 742.845
761 748.672
762 754.545
763 760.464
764 766.43
765 772.442
766 778.502
767 784.609
768 790.763
769 796.967
770 803.219
771 809.519
772 815.87
773 822.27
774 829.8
775 836.309
776 842.87
